39
39
39
39
39
39
39
39
39
39
39
39
39
39
39
39
39
39
39
39
39
39
39
39
39
39
39
39
39
39
39
39
18
8
21
29
26
27
24
13
17
17
17
23
17
21
14
17
30
25
25
26
22
25
34
20
23
31
14
17
19
20
19
20
24
21
21
15
24
21
16
24
19
9
10
22
18
31
22
26
17
28
27
26
18
26
25
36
33
22
29
13
22
12
19
15
12
21
21
15
24
21
16
24
19
9
10
22
18
31
22
26
17
28
27
26
18
26
25
36
33
22
29
16
7
16
39
39
26
39
13
16
21
29
13
17
18
41
26
11
38
39
29
39
39
10
11
20
21
13
39
39
17
26
26
11
38
39
29
22
39
10
15
20
39
27
39
39
15
22
13
19
39
39
22
16
15
23
16
15
12
39
39
14
13
13
15
19
24
26
26
23
21
21
21
21
21
21
34
15
21
21
21
21
9
9
9
9
24
22
26
26
26
26
26
22
26
26
26
26
26
22
23
20
21
21
21
21
21
21
34
15
21
21
21
21
9
9
9
9
24
22
26
26
26
26
26
21
26
26
26
26
26
22
23
22